 1920  17.7
 1921  18.0
 1922  17.8
 1923  18.3
 1924  17.8
 1925  17.7
 1926  17.8
 1927  17.7
 1928  17.9
 1929  17.9
 1930  18.0
 1931  17.3
 1932  16.9
 1933  16.7
 1934  16.2
 1935  15.6
 1936  15.0
 1937  14.7
 1938  14.7
 1939  14.5
 1940  14.3
 1941  14.4
 1942  14.5
 1943  14.2
 1944  13.8
 1945  13.7
 1946  13.9
 1947  13.8
 1948  14.0
 1949  14.7
 1950  14.8
 1951  14.6
 1952  15.1
 1953  14.6
 1954  14.4
 1955  14.4
 1956  14.0
 1957  14.0
 1958  14.2
 1959  13.8
 1960  13.7
 1961  13.6
 1962  13.7
 1963  13.3
 1964  12.9
 1965  13.2
 1966  13.2
 1967  12.6
 1968  12.7
 1969  13.2
 1970  13.5
 1971  13.8
 1972  13.3
 1973  13.4
 1974  13.7
 1975  14.1
 1976  14.2
 1977  13.4
 1978  13.8
 1979  14.3
 1980  14.2
 1981  14.0
 1982  14.3
 1983  15.1
 1984  15.8
 1985  16.2
 1986  16.6
 1987  16.9
 1988  16.4
 1989  16.2
 1990  15.7
 1991  15.7
 1992  16.1
 1993  16.3
 1994  15.8
 1995  16.0
 1996  16.4
 1997  16.7
 1998  16.2
 1999  15.6
 2000  14.9
 2001  14.2
 2002  13.4
 2003  13.4
 2004  13.3
 2005  13.8
 2006  13.9
 2007  13.9
 2008  13.8
 2009  14.0
 2010  13.5
 2011  13.8
 2012  12.9
 2013  12.4
 2014  12.3
 2015  12.2
